=================================================================
  Phase 4 — Sentinel-2 Catalog Summary (Riyadh AOI)
=================================================================
  AOI: {'lat_min': 24.55, 'lat_max': 24.85, 'lon_min': 46.55, 'lon_max': 46.95}
  Period: 2020-01-01 to 2026-04-07
  Total scenes found: 950

  Scenes per month:
  --------------------------------------------------
    Year  Month  Count  Usable(<30%)  Best CC%
  --------------------------------------------------
    2020      1     12            11       0.0
    2020      2     11             7       0.0
    2020      3     13            12       0.0
    2020      4     12            10       0.0
    2020      5     12             9       0.0
    2020      6     12            12       0.0
    2020      7     13            12       0.0
    2020      8     12            12       0.0
    2020      9     12            12       0.0
    2020     10     11            11       0.0
    2020     11     11            10       0.0
    2020     12     13             8       0.0
    2021      1     12            10       0.0
    2021      2     11             8       0.0
    2021      3     13            11       0.0
    2021      4     12             9       0.0
    2021      5     12            12       0.0
    2021      6     12            12       0.0
    2021      7     13            12       0.0
    2021      8     12            12       0.0
    2021      9     13            13       0.0
    2021     10     12            11       0.0
    2021     11     12            12       0.0
    2021     12     13             9       0.1
    2022      1     11             9       0.0
    2022      2     11            11       0.0
    2022      3     13             9       0.0
    2022      4     12             7       0.0
    2022      5     12            11       0.0
    2022      6     12            12       0.0
    2022      7     14            11       0.1
    2022      8     12            10       0.0
    2022      9     12            12       0.0
    2022     10     12            11       0.0
    2022     11     12            10       0.0
    2022     12     13             9       0.0
    2023      1     12             5       0.0
    2023      2     11             9       0.0
    2023      3     13            10       0.0
    2023      4     11             8       0.0
    2023      5     12             9       0.1
    2023      6     12            12       0.0
    2023      7     13            13       0.0
    2023      8     12            11       0.0
    2023      9     12            11       0.0
    2023     10     12            12       0.0
    2023     11     11             7       0.3
    2023     12     11             6       0.0
    2024      1     11             7       0.1
    2024      2     13            12       0.0
    2024      3     12             7       0.0
    2024      4     12             8       0.0
    2024      5     13            12       0.0
    2024      6     12            12       0.0
    2024      7     12            12       0.0
    2024      8     13            11       0.0
    2024      9     12            12       0.0
    2024     10     13            10       0.0
    2024     11     12            12       0.0
    2024     12     14            11       0.0
    2025      1     13            10       0.0
    2025      2     11             3       0.0
    2025      3     13             8       0.0
    2025      4     16            12       0.0
    2025      5     17            15       0.0
    2025      6     15            15       0.0
    2025      7     15            14       0.0
    2025      8     15            15       0.0
    2025      9     13            13       0.0
    2025     10     17            17       0.0
    2025     11     15            12       0.0
    2025     12     16             9       0.0
    2026      1     13            10       0.0
    2026      2     16            16       0.0
    2026      3     15             7       0.0
    2026      4      2             1      14.7
  --------------------------------------------------

  Cloud cover distribution:
      <10%:   700  ######################################################################
    10-30%:    95  #########
    30-60%:    59  #####
      >60%:    96  #########

  All months have at least one usable scene (<30% cloud).

  Best scene per month (lowest cloud cover):
  ------------------------------------------------------------
    Year  Month   Cloud%  Scene ID
  ------------------------------------------------------------
    2020      1      0.0  S2A_MSIL2A_20200131T073131_N0500_R049_T38RPN_20230624T080356.SAFE
    2020      2      0.0  S2B_MSIL2A_20200215T073009_N0500_R049_T38RPN_20230624T171844.SAFE
    2020      3      0.0  S2A_MSIL2A_20200331T072611_N0500_R049_T38RPN_20230614T225821.SAFE
    2020      4      0.0  S2B_MSIL2A_20200425T072609_N0500_R049_T38RPN_20230519T204528.SAFE
    2020      5      0.0  S2A_MSIL2A_20200530T072621_N0500_R049_T38RPN_20230508T090212.SAFE
    2020      6      0.0  S2A_MSIL2A_20200629T072621_N0500_R049_T38RPN_20230506T061032.SAFE
    2020      7      0.0  S2B_MSIL2A_20200731T071619_N0500_R006_T38RPN_20230523T041654.SAFE
    2020      8      0.0  S2A_MSIL2A_20200828T072621_N0500_R049_T38RPN_20230418T121049.SAFE
    2020      9      0.0  S2A_MSIL2A_20200927T072701_N0500_R049_T38RPN_20230414T004713.SAFE
    2020     10      0.0  S2A_MSIL2A_20201027T073021_N0500_R049_T38RPN_20230413T090347.SAFE
    2020     11      0.0  S2B_MSIL2A_20201111T073139_N0500_R049_T38RPN_20230304T002626.SAFE
    2020     12      0.0  S2B_MSIL2A_20201211T073219_N0500_R049_T38RPN_20230225T102533.SAFE
    2021      1      0.0  S2A_MSIL2A_20210125T073201_N0500_R049_T38RPN_20230528T024029.SAFE
    2021      2      0.0  S2A_MSIL2A_20210214T073011_N0500_R049_T38RPN_20230605T112343.SAFE
    2021      3      0.0  S2B_MSIL2A_20210331T072619_N0500_R049_T38RPN_20230601T124830.SAFE
    2021      4      0.0  S2B_MSIL2A_20210430T072609_N0500_R049_T38RPN_20230311T182733.SAFE
    2021      5      0.0  S2B_MSIL2A_20210530T072619_N0500_R049_T38RPN_20230327T225608.SAFE
    2021      6      0.0  S2B_MSIL2A_20210626T071619_N0500_R006_T38RPN_20230316T221744.SAFE
    2021      7      0.0  S2A_MSIL2A_20210724T072621_N0500_R049_T38RPN_20230220T011645.SAFE
    2021      8      0.0  S2B_MSIL2A_20210828T072619_N0500_R049_T38RPN_20230218T135839.SAFE
    2021      9      0.0  S2A_MSIL2A_20210922T072621_N0500_R049_T38RPN_20230121T220621.SAFE
    2021     10      0.0  S2B_MSIL2A_20211027T073019_N0500_R049_T38RPN_20230112T165743.SAFE
    2021     11      0.0  S2B_MSIL2A_20211126T073139_N0500_R049_T38RPN_20230102T162017.SAFE
    2021     12      0.1  S2B_MSIL2A_20211203T072249_N0500_R006_T38RPN_20221225T072523.SAFE
    2022      1      0.0  S2B_MSIL2A_20220125T073109_N0510_R049_T38RPN_20240505T175714.SAFE
    2022      2      0.0  S2B_MSIL2A_20220224T072859_N0510_R049_T38RPN_20240530T013647.SAFE
    2022      3      0.0  S2A_MSIL2A_20220331T072621_N0510_R049_T38RPN_20240528T171425.SAFE
    2022      4      0.0  S2A_MSIL2A_20220430T072621_N0510_R049_T38RPN_20240609T120735.SAFE
    2022      5      0.0  S2A_MSIL2A_20220530T072621_N0510_R049_T38RPN_20240628T034642.SAFE
    2022      6      0.0  S2A_MSIL2A_20220619T072631_N0510_R049_T38RPN_20240619T160322.SAFE
    2022      7      0.1  S2A_MSIL2A_20220706T071631_N0510_R006_T38RPN_20240624T072454.SAFE
    2022      8      0.0  S2A_MSIL2A_20220808T072631_N0510_R049_T38RPN_20240716T030044.SAFE
    2022      9      0.0  S2A_MSIL2A_20220927T072701_N0510_R049_T38RPN_20240725T211615.SAFE
    2022     10      0.0  S2B_MSIL2A_20221022T072939_N0510_R049_T38RPN_20240722T020915.SAFE
    2022     11      0.0  S2A_MSIL2A_20221116T073201_N0510_R049_T38RPN_20240805T002412.SAFE
    2022     12      0.0  S2B_MSIL2A_20221221T073229_N0510_R049_T38RPN_20240807T054116.SAFE
    2023      1      0.0  S2B_MSIL2A_20230120T073129_N0510_R049_T38RPN_20240811T205217.SAFE
    2023      2      0.0  S2A_MSIL2A_20230224T072911_N0510_R049_T38RPN_20240821T145025.SAFE
    2023      3      0.0  S2B_MSIL2A_20230321T072619_N0510_R049_T38RPN_20240826T205615.SAFE
    2023      4      0.0  S2B_MSIL2A_20230430T072619_N0510_R049_T38RPN_20240903T065000.SAFE
    2023      5      0.1  S2A_MSIL2A_20230505T072621_N0510_R049_T38RPN_20240831T223506.SAFE
    2023      6      0.0  S2B_MSIL2A_20230629T072619_N0510_R049_T38RPN_20240912T110117.SAFE
    2023      7      0.0  S2B_MSIL2A_20230719T072619_N0510_R049_T38RPN_20241020T230656.SAFE
    2023      8      0.0  S2A_MSIL2A_20230823T072621_N0510_R049_T38RPN_20241019T111703.SAFE
    2023      9      0.0  S2B_MSIL2A_20230927T072649_N0510_R049_T38RPN_20241026T085816.SAFE
    2023     10      0.0  S2A_MSIL2A_20231022T072941_N0510_R049_T38RPN_20241028T060215.SAFE
    2023     11      0.3  S2A_MSIL2A_20231118T072201_N0510_R006_T38RPN_20241109T055324.SAFE
    2023     12      0.0  S2A_MSIL2A_20231221T073321_N0510_R049_T38RPN_20231221T103448.SAFE
    2024      1      0.1  S2B_MSIL2A_20240122T072219_N0510_R006_T38RPN_20240122T115020.SAFE
    2024      2      0.0  S2A_MSIL2A_20240229T072841_N0510_R049_T38RPN_20240229T124150.SAFE
    2024      3      0.0  S2A_MSIL2A_20240310T072721_N0510_R049_T38RPN_20240310T104654.SAFE
    2024      4      0.0  S2B_MSIL2A_20240424T072619_N0510_R049_T38RPN_20240424T085441.SAFE
    2024      5      0.0  S2A_MSIL2A_20240529T072731_N0510_R049_T38RPN_20240529T104100.SAFE
    2024      6      0.0  S2A_MSIL2A_20240628T072621_N0510_R049_T38RPN_20240628T111348.SAFE
    2024      7      0.0  S2A_MSIL2A_20240708T072621_N0510_R049_T38RPN_20240708T105450.SAFE
    2024      8      0.0  S2B_MSIL2A_20240802T072619_N0511_R049_T38RPN_20240802T085501.SAFE
    2024      9      0.0  S2A_MSIL2A_20240926T072651_N0511_R049_T38RPN_20240926T110251.SAFE
    2024     10      0.0  S2B_MSIL2A_20241021T072849_N0511_R049_T38RPN_20241021T084806.SAFE
    2024     11      0.0  S2B_MSIL2A_20241120T073119_N0511_R049_T38RPN_20241120T094325.SAFE
    2024     12      0.0  S2B_MSIL2A_20241220T073229_N0511_R049_T38RPN_20241220T082653.SAFE
    2025      1      0.0  S2B_MSIL2A_20250119T073129_N0511_R049_T38RPN_20250119T092839.SAFE
    2025      2      0.0  S2B_MSIL2A_20250208T072959_N0511_R049_T38RPN_20250208T082509.SAFE
    2025      3      0.0  S2C_MSIL2A_20250325T072641_N0511_R049_T38RPN_20250325T113222.SAFE
    2025      4      0.0  S2C_MSIL2A_20250424T072641_N0511_R049_T38RPN_20250424T115211.SAFE
    2025      5      0.0  S2C_MSIL2A_20250524T072631_N0511_R049_T38RPN_20250524T104855.SAFE
    2025      6      0.0  S2C_MSIL2A_20250623T072631_N0511_R049_T38RPN_20250623T104015.SAFE
    2025      7      0.0  S2B_MSIL2A_20250718T072619_N0511_R049_T38RPN_20250718T094203.SAFE
    2025      8      0.0  S2C_MSIL2A_20250812T072631_N0511_R049_T38RPN_20250812T112814.SAFE
    2025      9      0.0  S2C_MSIL2A_20250921T072631_N0511_R049_T38RPN_20250921T112017.SAFE
    2025     10      0.0  S2B_MSIL2A_20251026T072909_N0511_R049_T38RPN_20251026T082649.SAFE
    2025     11      0.0  S2B_MSIL2A_20251125T073139_N0511_R049_T38RPN_20251125T082409.SAFE
    2025     12      0.0  S2C_MSIL2A_20251230T073331_N0511_R049_T38RPN_20251230T111611.SAFE
    2026      1      0.0  S2C_MSIL2A_20260129T073141_N0511_R049_T38RPN_20260129T112312.SAFE
    2026      2      0.0  S2A_MSIL2A_20260223T074311_N0512_R049_T38RPN_20260223T101711.SAFE
    2026      3      0.0  S2B_MSIL2A_20260325T072609_N0512_R049_T38RPN_20260325T100048.SAFE
    2026      4     14.7  S2C_MSIL2A_20260406T071621_N0512_R006_T38RPN_20260406T104220.SAFE
  ------------------------------------------------------------

  Processing Unit (PU) Estimation:
  --------------------------------------------------
    Image size at 20m: 2002 x 1687 pixels
    Bands: 4 (B02, B03, B04, B08)
    PU per request: 17.18
    Best scenes to download: 76
    Total estimated PU: 1305.5
    Free tier (monthly): 30,000
    Fits in free tier: YES (1306 / 30,000)
  --------------------------------------------------
